t'       1  -1  -1  -1   0   1   1  -1  -1   0   0   0   0  -1   0  -1  -1   1  -1  -1  -1  -1  -1
t&#688   1  -1  -1  -1   0   1   1  -1  -1   0   0   0   0  -1   0  -1   1  -1  -1  -1  -1  -1  -1
t&#810   1  -1  -1  -1   0   1   1   1  -1   0   0   0   0  -1   0  -1  -1  -1  -1  -1  -1  -1  -1
t        1  -1  -1  -1   0   1   1  -1  -1   0   0   0   0  -1   0  -1  -1  -1  -1  -1  -1  -1  -1
d        1  -1  -1  -1   0   1   1  -1  -1   0   0   0   0  -1   0   1  -1  -1  -1  -1  -1  -1  -1
s        1  -1  -1  -1   0   1   1  -1  -1   0   0   0   0  -1   0  -1  -1  -1   1   1  -1  -1  -1
z        1  -1  -1  -1   0   1   1  -1  -1   0   0   0   0  -1   0   1  -1  -1   1   1  -1  -1  -1
&#619    1  -1  -1  -1   0   1   1  -1  -1   0   0   0   0  -1   0  -1   1  -1   1  -1   1  -1  -1
&#622    1  -1  -1  -1   0   1   1  -1  -1   0   0   0   0  -1   0   1  -1  -1   1  -1   1  -1  -1
&#952    1  -1  -1  -1   0   1   1  -1  -1   0   0   0   0  -1   0  -1  -1  -1   1  -1  -1  -1  -1
&#240    1  -1  -1  -1   0   1   1  -1  -1   0   0   0   0  -1   0   1  -1  -1   1  -1  -1  -1  -1
&#643    1  -1  -1  -1   0   1  -1   1  -1   0   0   0   0  -1   0  -1  -1  -1   1  -1  -1  -1  -1
&#658    1  -1  -1  -1   0   1  -1  -1   1   0   0   0   0  -1   0  -1  -1  -1   1  -1  -1  -1  -1
c        1  -1  -1  -1   0   1  -1   1   1   1  -1  -1  -1  -1   0  -1  -1  -1  -1  -1  -1  -1  -1
&#585    1  -1  -1  -1   0   1  -1   1   1   1  -1  -1  -1  -1   0   1  -1  -1  -1  -1  -1  -1  -1
&#231    1  -1  -1  -1   0   1  -1   1   1   1  -1  -1  -1  -1   0  -1  -1  -1   1  -1  -1  -1  -1
&#669    1  -1  -1  -1   0   1  -1   1   1   1  -1  -1  -1  -1   0   1  -1  -1   1  -1  -1  -1  -1    
p        1  -1  -1   1  -1  -1   0   0  -1   0   0   0   0  -1   0  -1  -1  -1  -1  -1  -1  -1  -1
b        1  -1  -1   1  -1  -1   0   0  -1   0   0   0   0  -1   0   1  -1  -1  -1  -1  -1  -1  -1
f        1  -1  -1   1  -1  -1   0   0  -1   0   0   0   0  -1   0  -1  -1  -1   1   1  -1  -1  -1
v        1  -1  -1   1  -1  -1   0   0  -1   0   0   0   0  -1   0   1  -1  -1   1   1  -1  -1  -1
&#632    1  -1  -1   1  -1  -1   0   0  -1   0   0   0   0  -1   0  -1  -1  -1   1  -1  -1  -1  -1
&#946    1  -1  -1   1  -1  -1   0   0  -1   0   0   0   0  -1   0   1  -1  -1   1  -1  -1  -1  -1
k        1  -1  -1  -1   0  -1   0   0   1   1  -1   1  -1  -1   0  -1  -1  -1  -1  -1  -1  -1  -1
g        1  -1  -1  -1   0  -1   0   0   1   1  -1   1  -1  -1   0   1  -1  -1  -1  -1  -1  -1  -1
x        1  -1  -1  -1   0  -1   0   0   1   1  -1   1  -1  -1   0  -1  -1  -1   1  -1  -1  -1  -1
&#947    1  -1  -1  -1   0  -1   0   0   1   1  -1   1  -1  -1   0   1  -1  -1   1  -1  -1  -1  -1
q        1  -1  -1  -1   0  -1   0   0   1  -1  -1   1  -1  -1   0  -1  -1  -1  -1  -1  -1  -1  -1
&#610    1  -1  -1  -1   0  -1   0   0   1  -1  -1   1  -1  -1   0   1  -1  -1  -1  -1  -1  -1  -1
&#967    1  -1  -1  -1   0  -1   0   0   1  -1  -1   1  -1  -1   0  -1  -1  -1   1  -1  -1  -1  -1
&#641    1  -1  -1  -1   0  -1   0   0   1  -1  -1   1  -1  -1   0   1  -1  -1   1  -1  -1  -1  -1
&#295    1  -1  -1  -1   0  -1   0   0  -1   0   0   0   0   1  -1  -1  -1  -1   1  -1  -1  -1  -1
&#661    1  -1  -1  -1   0  -1   0   0  -1   0   0   0   0   1  -1  -1  -1  -1   1  -1  -1  -1  -1
h       -1  -1  -1  -1   0  -1   0   0  -1   0   0   0   0  -1   0  -1   1  -1   1  -1  -1  -1  -1
&#614   -1  -1  -1  -1   0  -1   0   0  -1   0   0   0   0  -1   0   1   1  -1   1  -1  -1  -1  -1
&#660   -1  -1  -1  -1   0  -1   0   0  -1   0   0   0   0  -1   0  -1  -1   1  -1  -1  -1  -1  -1
&#679    1  -1  -1  -1   0   1  -1   1   1   1  -1  -1  -1  -1   0  -1  -1  -1   2   1  -1   1  -1
&#676    1  -1  -1  -1   0   1  -1   1   1   1  -1  -1  -1  -1   0   1  -1  -1   2   1  -1   1  -1
&#678    1  -1  -1  -1   0   1   1  -1  -1   0   0   0   0  -1   0  -1  -1  -1   2   1  -1   1  -1
&#675    1  -1  -1  -1   0   1   1  -1  -1   0   0   0   0  -1   0   1  -1  -1   2   1  -1   1  -1
kx       1  -1  -1  -1   0  -1   0   0   1   1  -1   1  -1  -1   0  -1  -1  -1   2  -1  -1   1  -1
pf       1  -1  -1   1  -1  -1   0   0  -1   0   0   0   0  -1   0  -1  -1  -1   2   1  -1   1  -1
m        1   1  -1   1  -1  -1   0   0  -1   0   0   0   0  -1   0   1  -1  -1  -1  -1  -1  -1   1
n        1   1  -1  -1   0   1   1  -1  -1   0   0   0   0  -1   0   1  -1  -1  -1  -1  -1  -1   1
&#331    1   1  -1  -1   0  -1   0   0   1   1  -1   1  -1  -1   0   1  -1  -1  -1  -1  -1  -1   1
&#627    1   1  -1  -1   0   1  -1  -1   1  -1  -1  -1  -1  -1   0   1  -1  -1  -1  -1  -1  -1   1
&#626    1   1  -1  -1   0  -1   0   0   1   1  -1  -1  -1  -1   0   1  -1  -1  -1  -1  -1  -1   1
&#628    1   1  -1  -1   0  -1   0   0   1  -1  -1   1  -1  -1   0   1  -1  -1  -1  -1  -1  -1   1
l        1   1  -1  -1   0   1   1  -1  -1   0   0   0   0  -1   0   1  -1  -1   1  -1   1  -1  -1
&#654    1   1  -1  -1   0  -1   0   0   1   1  -1  -1  -1  -1   0   1  -1  -1   1  -1   1  -1  -1
r        1   1  -1  -1   0   1   1  -1  -1   0   0   0   0  -1   0   1  -1  -1   1  -1  -1  -1  -1
&#633    1   1  -1  -1   0   1   1  -1  -1   0   0   0   0  -1   0   1  -1  -1   1  -1  -1  -1  -1
&#640    1   1  -1  -1   0  -1   0   0   1  -1  -1   1  -1  -1   0   1  -1  -1   1  -1  -1  -1  -1
j       -1   1  -1   1  -1  -1   0   0   1   1  -1  -1  -1  -1   0   1  -1  -1   1  -1  -1  -1  -1
w       -1   1  -1   1   1  -1   0   0   1   1  -1   1  -1  -1   0   1  -1  -1   1  -1  -1  -1  -1
&#613   -1   1  -1   1   1  -1   0   0   1   1  -1  -1  -1  -1   0   1  -1  -1   1  -1  -1  -1  -1
&#624   -1   1  -1   1  -1  -1   0   0   1   1  -1   1  -1  -1   0   1  -1  -1   1  -1  -1  -1  -1
i       -1   1   1   1  -1  -1   0   0   1   1  -1  -1   1   1   1   1  -1  -1   1  -1  -1  -1  -1
&#618   -1   1   1   1  -1  -1   0   0   1   1  -1  -1  -1   1  -1   1  -1  -1   1  -1  -1  -1  -1
u       -1   1   1   1   1  -1   0   0   1   1  -1   1   1   1   1   1  -1  -1   1  -1  -1  -1  -1
&#650   -1   1   1   1   1  -1   0   0   1   1  -1   1  -1   1  -1   1  -1  -1   1  -1  -1  -1  -1
e       -1   1   1   1  -1  -1   0   0   1  -1  -1  -1   1   1   1   1  -1  -1   1  -1  -1  -1  -1
&#603   -1   1   1   1  -1  -1   0   0   1  -1  -1  -1  -1   1  -1   1  -1  -1   1  -1  -1  -1  -1
o       -1   1   1   1   1  -1   0   0   1  -1  -1   1   1   1   1   1  -1  -1   1  -1  -1  -1  -1
&#596   -1   1   1   1   1  -1   0   0   1  -1  -1   1  -1   1  -1   1  -1  -1   1  -1  -1  -1  -1
a       -1   1   1   1  -1  -1   0   0   1  -1   1  -1  -1   1  -1   1  -1  -1   1  -1  -1  -1  -1
&#230   -1   1   1   1  -1  -1   0   0   1  -1   1  -1   1   1  -1   1  -1  -1   1  -1  -1  -1  -1
y       -1   1   1   1   1  -1   0   0   1   1  -1  -1   1   1   1   1  -1  -1   1  -1  -1  -1  -1
&#655   -1   1   1   1   1  -1   0   0   1   1  -1  -1  -1   1  -1   1  -1  -1   1  -1  -1  -1  -1
&#248   -1   1   1   1   1  -1   0   0   1  -1  -1  -1   1   1   1   1  -1  -1   1  -1  -1  -1  -1
&#630   -1   1   1   1  -1  -1   0   0   1  -1  -1  -1  -1   1  -1   1  -1  -1   1  -1  -1  -1  -1
&#601   -1   1   1   1   1  -1   0   0   1  -1  -1   1  -1   1  -1   1  -1  -1   1  -1  -1  -1  -1
&#623   -1   1   1   1   1  -1   0   0   1   1  -1   1   1   1  -1   1  -1  -1   1  -1  -1  -1  -1